4.250786426637968574e-01 2.847578110960353737e-01 3.039242441170827425e-01 3.573087676560424142e-01 4.446024950302279732e-01 7.252872790740205744e-01 1.879589147483234690e+00
4.182206664380992422e-01 2.996480811865869787e-01 3.317074823790154836e-01 3.948118583154346384e-01 4.914798900897714429e-01 7.741069662792012807e-01 2.039451633036842182e+00
4.125121060599506451e-01 3.150744541786134612e-01 3.607866885944144841e-01 4.344085467948207713e-01 5.409489398659627080e-01 8.261670256986974881e-01 2.210068862145505353e+00
4.078635667937185461e-01 3.310298403300737102e-01 3.910912791956284718e-01 4.759985858712142970e-01 5.928770034290761215e-01 8.816016617907335151e-01 2.391716249799292537e+00
4.041961150094225408e-01 3.475039783290426176e-01 4.225374632870873004e-01 5.194569522882754864e-01 6.471007320678752173e-01 9.405378978603495810e-01 2.584606868007575997e+00
4.014397433796028092e-01 3.644832085714356240e-01 4.550287589186906567e-01 5.646346604739161945e-01 7.034273932705376042e-01 1.003093118234765324e+00 2.788880231032595969e+00
3.995320364551278036e-01 3.819502533783976639e-01 4.884567119690861881e-01 6.113600364796224484e-01 7.616367784690372122e-01 1.069372346586369815e+00 3.004590585821421467e+00
3.984170031416802704e-01 3.998840073252202254e-01 5.227018073164333423e-01 6.594404308539967285e-01 8.214836571519308350e-01 1.139465262510174215e+00 3.231694861011668252e+00
3.980440483346703306e-01 4.182593410912197052e-01 5.576345577296790701e-01 7.086643373784278221e-01 8.827007249989048399e-01 1.213442964657982071e+00 3.470040461918662000e+00
3.983670607166233113e-01 4.370469224540829423e-01 5.931167520634832435e-01 7.588038739171097946e-01 9.450019806034509751e-01 1.291354495967002469e+00 3.719353133743713791e+00
3.993435976740443150e-01 4.562130582357633579e-01 6.290028409904449003e-01 8.096175724251286621e-01 1.008086454562118428e+00 1.373223154797933221e+00 3.979225149893137470e+00
4.009341516078085976e-01 4.757195611528644008e-01 6.651414357422401613e-01 8.608534177067381776e-01 1.071642206544881404e+00 1.459042625082120237e+00 4.249104115599283915e+00
4.031014847188316708e-01 4.955236456250693422e-01 7.013768932220426633e-01 9.122520690324704695e-01 1.135350500626934211e+00 1.548772968790822713e+00 4.528282707646085647e+00
4.058100217510113850e-01 5.155778566430267995e-01 7.375509594367555266e-01 9.635501953350036342e-01 1.198890066740557314e+00 1.642336535052741908e+00 4.815889697427111926e+00
4.090252922480879794e-01 5.358300357847172180e-01 7.735044424979216071e-01 1.014483853450322215e+00 1.261941356559607152e+00 1.739613851871921080e+00 5.110882625188046369e+00
4.127134156958622846e-01 5.562233283895271496e-01 8.090788864504652178e-01 1.064791839709998911e+00 1.324190705310563931e+00 1.840439578387498942e+00 5.412042506434548095e+00
4.168406245284914657e-01 5.766962357453918608e-01 8.441182178823167792e-01 1.114218948002858811e+00 1.385334316667118149e+00 1.944598607652620492e+00 5.717970955412468470e+00
4.213728214185015197e-01 5.971827159104601268e-01 8.784703385992734814e-01 1.162519072022987210e+00 1.445081995703641820e+00 2.051822421607329083e+00 6.027090103631436158e+00
4.262751685764493148e-01 6.176123364717710507e-01 9.119886395547778246e-01 1.209458095564209135e+00 1.503160564469590232e+00 2.161785810826062360e+00 6.337645672082525827e+00
4.315117079813364231e-01 6.379104821356633703e-01 9.445334136259938562e-01 1.254816522125235201e+00 1.559316905675103726e+00 2.274104081219114448e+00 6.647713522797964458e+00
4.370450125632050487e-01 6.579986195456739573e-01 9.759731476375947956e-01 1.298391803444585824e+00 1.613320591802357873e+00 2.388330877588288104e+00 6.955209967738555044e+00
4.428358693746720087e-01 6.777946211328919057e-01 1.006185677157864333e+00 1.340000335567206768e+00 1.664966069233596802e+00 2.503956759168516122e+00 7.257906050118008601e+00
4.488429967223779293e-01 6.972131491224151656e-01 1.035059190929629391e+00 1.379479100334469521e+00 1.714074379290579930e+00 2.620408664394417997e+00 7.553445935144313061e+00
4.550227980809922190e-01 7.161661000510597397e-01 1.062493075252810781e+00 1.416686939478688956e+00 1.760494410021926859e+00 2.737050400478507672e+00 7.839369454343997567e+00
4.613291563750607227e-01 7.345631093015857482e-01 1.088398592111019525e+00 1.451505457510233077e+00 1.804103683812609216e+00 2.853184287369094907e+00 8.113138741381460406e+00
4.677132728765636682e-01 7.523121142355095881e-01 1.112699388242780696e+00 1.483839558060755515e+00 1.844808696137281601e+00 2.968054074724832514e+00 8.372168779566328212e+00
4.741235555136077973e-01 7.693199735208116063e-01 1.135331835618129004e+00 1.513617626081491307e+00 1.882544829813044496e+00 3.080849234250040425e+00 8.613861554786879537e+00
4.805055617994437589e-01 7.854931392157408210e-01 1.156245206823635518e+00 1.540791375125504681e+00 1.917275876767265297e+00 3.190710707768331655e+00 8.835643375882959560e+00
4.868020018497729584e-01 8.007383771011704621e-01 1.175401691624749390e+00 1.565335384748456349e+00 1.948993205526254213e+00 3.296738163635124064e+00 9.035004791640197652e+00
4.929528070364267989e-01 8.149635296698185538e-01 1.192776263417995697e+00 1.587246357769627636e+00 1.977714617314286993e+00 3.397998780581486855e+00 9.209542404402824900e+00
4.988952697026848293e-01 8.280783151013091370e-01 1.208356406373575886e+00 1.606542130713395800e+00 2.003482936848211438e+00 3.493537539171721829e+00 9.357001759979819866e+00
5.045642590154028051e-01 8.399951544998930375e-01 1.222141715780795002e+00 1.623260473209701793e+00 2.026364385686032943e+00 3.582388957354005310e+00 9.475320387548297418e+00
5.098925174289942186e-01 8.506300186703926736e-01 1.234143385435892748e+00 1.637457713514808288e+00 2.046446786444120036e+00 3.663590158995175816e+00 9.562669977180279446e+00
5.148110413666908691e-01 8.599032847824503722e-01 1.244383596856294849e+00 1.649207227693334943e+00 2.063837645472342608e+00 3.736195114031559239e+00 9.617496621774497711e+00
5.192495485704736735e-01 8.677405924489829392e-01 1.252894825679907509e+00 1.658597829476376129e+00 2.078662159828413625e+00 3.799289837451786500e+00 9.638558019419999567e+00
5.231370331247584549e-01 8.740736880470728609e-01 1.259719080832953031e+00 1.665732096491229886e+00 2.091061191793014196e+00 3.852008283543066014e+00 9.624956535640837529e+00
5.264024074206865578e-01 8.788412455632770293e-01 1.264907091953328733e+00 1.670724666571447026e+00 2.101189250894293536e+00 3.893548623698906752e+00 9.576167065602071204e+00
5.289752283087599816e-01 8.819896518734807733e-01 1.268517460171346700e+00 1.673700535330727712e+00 2.109212519640692562e+00 3.923189552792719414e+00 9.492058715914405198e+00
5.307865024107301100e-01 8.834737441912192679e-01 1.270615786713233941e+00 1.674793383252131118e+00 2.115306955065179739e+00 3.940306232940584241e+00 9.372909444338896279e+00
5.317695630636775084e-01 8.832574874558898337e-01 1.271273792944576320e+00 1.674143957331188259e+00 2.119656493920921481e+00 3.944385456669169621e+00 9.219412951947834500e+00
5.318610087018590393e-01 8.813145796979260371e-01 1.270568444451013246e+00 1.671898528936993866e+00 2.122451385082064323e+00 3.935039596202474677e+00 9.032677312844372253e+00
5.310016897117407764e-01 8.776289739220289876e-01 1.268581090602984851e+00 1.668207446128583182e+00 2.123886668521211885e+00 3.912018903664906677e+00 8.814215046298146561e+00
5.291377280047485643e-01 8.721953057969504819e-01 1.265396629808268614e+00 1.663223795280578621e+00 2.124160816265262763e+00 3.875221739969569423e+00 8.565924578354396246e+00
5.262215508370776673e-01 8.650192174309001558e-01 1.261102709358203677e+00 1.657102183615910773e+00 2.123474547063757711e+00 3.824702339019060204e+00 8.290063296371895873e+00
5.222129178750584133e-01 8.561175687389575018e-01 1.255788967453912885e+00 1.649997651183093605e+00 2.122029823209840238e+00 3.760675758978357042e+00 7.989212661112021330e+00
5.170799182767883417e-01 8.455185293605440577e-01 1.249546323688638827e+00 1.642064718005662227e+00 2.120029035087395819e+00 3.683519733466091406e+00 7.666236096716408710e+00
5.107999127603884970e-01 8.332615457422792860e-01 1.242466322987711314e+00 1.633456569613661813e+00 2.117674376617527887e+00 3.593773211468508144e+00 7.324230618621398570e+00
5.033603943818596438e-01 8.193971798393637762e-01 1.234640536791510312e+00 1.624324381970199793e+00 2.115167412868205865e+00 3.492131463733810115e+00 6.966473372796067487e+00
4.947597411720162097e-01 8.039868178762218376e-01 1.226160024127840753e+00 1.614816784947286976e+00 2.112708839686332052e+00 3.379437732704218433e+00 6.596364437014251791e+00
4.850078339921733428e-01 7.871022497080273350e-01 1.217114854172627991e+00 1.605079461992558798e+00 2.110498434316994132e+00 3.256671509331957370e+00 6.217367367781333698e+00
4.741265140538253875e-01 7.688251214979163750e-01 1.207593690953188359e+00 1.595254882461145218e+00 2.108735195589540368e+00 3.124933629447671724e+00 5.832949058385267449e+00
4.621498565752021337e-01 7.492462666250035985e-01 1.197683440013333378e+00 1.585482162257892735e+00 2.107617672369818784e+00 2.985428490312899363e+00 5.446520499824255346e+00
4.491242400517399536e-01 7.284649219180088231e-01 1.187468956138843401e+00 1.575897047932629302e+00 2.107344479598316056e+00 2.839443789958410846e+00 5.061380005047698027e+00
4.351081945946184137e-01 7.065878384186036198e-01 1.177032810636357452e+00 1.566632019179605040e+00 2.108115002351147904e+00 2.688328283242116257e+00 4.680660368642603153e+00
4.201720176948148811e-01 6.837282978678139722e-01 1.166455116167728567e+00 1.557816504795184631e+00 2.110130289977450335e+00 2.533468124849294512e+00 4.307281292094096159e+00
4.043971515061683952e-01 6.600050479288145366e-01 1.155813406761985407e+00 1.549577207528027634e+00 2.113594144490996030e+00 2.376262426787690618e+00 3.943908214902618337e+00
3.878753221689811292e-01 6.355411707640101771e-01 1.145182570353838525e+00 1.542038533897163166e+00 2.118714410043760932e+00 2.218098693121307807e+00 3.592918462298321014e+00
3.707074486283467030e-01 6.104629009308266685e-01 1.134634831025211232e+00 1.535323125942641198e+00 2.125704473517256332e+00 2.060328805502492866e+00 3.256375361090961817e+00
3.530023356092530928e-01 5.848984096118220455e-01 1.124239778047754879e+00 1.529552493000087887e+00 2.134784990078467004e+00 1.904246218382846800e+00 2.936010697728348884e+00
3.348751726292600317e-01 5.589765729200462108e-01 1.114064438833064052e+00 1.524847742949454243e+00 2.146185852028359431e+00 1.751064982710999418e+00 2.633215609062057538e+00
3.174738243892198941e-01 5.339278881873632532e-01 1.103561144830451202e+00 1.520502030397800963e+00 2.102129456475035241e+00 1.729553344709524154e+00 2.515212190922941016e+00
3.017081966828223383e-01 5.107704561169323920e-01 1.092061112952209978e+00 1.515681248940810466e+00 2.055808868141339563e+00 1.687721947443204584e+00 2.409685084841626246e+00
2.873687686836456923e-01 4.893273646753448225e-01 1.079435232698947589e+00 1.510304008375159102e+00 2.007254902565037025e+00 1.647867074504582252e+00 2.312656321568250739e+00
2.742785263844444987e-01 4.694385059184406073e-01 1.065536038161100096e+00 1.504269482844654338e+00 1.956542569619605487e+00 1.609850828847538606e+00 2.223139050998561572e+00
2.622872684896948026e-01 4.509595771778150963e-01 1.050196019301549599e+00 1.497451346406077244e+00 1.903797013138695204e+00 1.573548446477966767e+00 2.140293522188505548e+00
2.512669764705226516e-01 4.337608732712667781e-01 1.033226588899501142e+00 1.489689337594724661e+00 1.849197685774918609e+00 1.538846983148569381e+00 2.063400662064726276e+00
2.411080503896363969e-01 4.177260007214658177e-01 1.014418368530515480e+00 1.480777327183691927e+00 1.792979864469640860e+00 1.505644001053658920e+00 1.991841149753022400e+00
2.317162442298428549e-01 4.027505970064920171e-01 9.935438232036342132e-01 1.470446131682881408e+00 1.735432712324502358e+00 1.473842315608351550e+00 1.925078693739948665e+00
2.230101645877191618e-01 3.887411047847650347e-01 9.703637489212806333e-01 1.458338277227981372e+00 1.676893376992058871e+00 1.443356561974574293e+00 1.862646578189654623e+00
2.149192227470771432e-01 3.756136287576679056e-01 9.446396382725888996e-01 1.443970188370244045e+00 1.617737076374857530e+00 1.414107941840259119e+00 1.804136723008955778e+00
2.073819519387155308e-01 3.632928881993419679e-01 9.161543184448335264e-01 1.426674369455107838e+00 1.558363694658131404e+00 1.386018970198539924e+00 1.749190767736242158e+00
2.003446193305163103e-01 3.517112688505553697e-01 8.847430417457836649e-01 1.405509297283137116e+00 1.499181978437494012e+00 1.359025295094560937e+00 1.697492713697787980e+00
1.937600765327615326e-01 3.408079721506374060e-01 8.503356870887651686e-01 1.379117001907385509e+00 1.440592844539335005e+00 1.333063877878668535e+00 1.648762847406146426e+00
1.875868037474245908e-01 3.305282564732081041e-01 8.130070567784382085e-01 1.345497721423387860e+00 1.382973473346332360e+00 1.308075619816811752e+00 1.602752679718037809e+00
1.817881116891698623e-01 3.208227633076672358e-01 7.730261533798249429e-01 1.301664770071594202e+00 1.326663717835564027e+00 1.284005362090543390e+00 1.559240705807986904e+00
1.763314725327926324e-01 3.116469206206062825e-01 7.308883927180488405e-01 1.243181328097766380e+00 1.271955950065523089e+00 1.260805825712622452e+00 1.518028838467381014e+00
1.711879567864247609e-01 3.029604155552577116e-01 6.873114158014609343e-01 1.163829159455792350e+00 1.219088905077271301e+00 1.238429731695808611e+00 1.478939391606586051e+00
1.663317574657080522e-01 2.947267289266043977e-01 6.431813060764461909e-01 1.056585634237142246e+00 1.168245506426470515e+00 1.216833740968464639e+00 1.441812528030972596e+00
1.617397865004020774e-01 2.869127244766326301e-01 5.994533333646221429e-01 9.188607634435000948e-01 1.119554187417790780e+00 1.195979767679757888e+00 1.406504057346158465e+00
1.573913311377940771e-01 2.794882864599579908e-01 5.570322194175654218e-01 7.624238712796742590e-01 1.073092926014347359e+00 1.175827099368453421e+00 1.372883585274996321e+00
