3.730580518521991462e-01 5.089814283462351652e-01
4.117398923051737158e-01 7.151425719761631550e-01
4.732409638782318906e-01 9.610515474342129494e-01
5.305013162929436144e-01 1.210495108426435484e+00
6.033782770951743313e-01 1.449923347432698240e+00
6.712181526186914438e-01 1.661180200822115927e+00
7.347702104123139399e-01 1.831052484173765205e+00
7.862575055863831874e-01 1.949558180590844847e+00
8.259732276042202059e-01 2.027672338098106319e+00
8.451746738167345008e-01 2.060926732797847105e+00
8.386458939493666165e-01 2.062754732576402628e+00
8.059392848414252963e-01 2.041605577056279763e+00
7.477144467211207512e-01 2.015642907822372099e+00
6.702118137022671229e-01 1.993982926355826857e+00
5.745039023758978791e-01 1.996254678233933211e+00
4.757475775069519575e-01 1.916204523475282917e+00
4.035854072130241610e-01 1.785517904257224897e+00
3.510258523693849386e-01 1.655924130593663168e+00
3.089100757612298631e-01 1.460235361839661961e+00
2.755162001014528905e-01 1.135224228684640568e+00
